5.07282466188,0.955453733701
4.18846646136,0.566771802176
8.55375323661,1.23117972924
8.39989091017,5.21874114131
4.66962147561,0.85883495246
9.34932595043,2.55229115936
7.04550046339,1.18507145286
0.531656938054,4.71258740747
3.17900337606,6.18535148415
3.69629443383,6.46063263699
6.51689816912,1.48888903718
2.37277558434,6.6619465654
1.40461299048,7.80196732194
5.38312607148,0.665764212366
0.590308038407,5.72950029444
6.58305972043,2.50014517754
7.06276791743,1.6257289391
2.14845461749,7.41329050588
4.24514498713,8.13512422756
2.12476004504,5.83853913454
0.906642709447,4.51896648838
7.93141040854,0.887203769015
3.8694029782,8.98898919735
2.49695656689,4.75048925204
1.41656897321,4.0424974998
3.30468068001,1.18247499927
4.9331587692,0.604875715372
3.18611131393,5.47196627672
8.15597910392,2.2977811739
6.29828479547,3.30097490443
0.771029680817,3.01903981966
4.88267595425,2.39561873319
2.41252328857,6.77760287624
8.61293073513,1.18882913095
0.480446149584,5.73760016674
2.67272528667,7.34138123298
4.0135978296,8.87352416708
9.54315175071,3.47102352765
0.739594424986,5.29266169095
9.72946152026,4.52535012693
6.99672436517,9.14337492672
4.76779559461,9.65143318614
2.62643704796,8.01084912036
0.591458156151,6.35659192724
7.1455904962,1.66239951897
4.75335870871,1.80662538816
3.71689615115,5.84027595377
8.19340567166,5.38504542565
2.83327908212,8.05247837556
7.0308245849,2.87140294386
1.10908790033,6.43666961776
6.61610465396,0.425629165272
7.68060274954,2.00485530324
1.00494111894,3.02872289585
6.59065278247,9.6796654562
5.70255962873,7.98799066677
3.4374311996,6.88326478521
7.80158000931,2.14663973994
6.1080108682,2.97796232175
9.97715174813,1.80531320761
0.639903307189,3.34203070018
7.91210465201,1.95431398697
4.62055473839,6.89352427742
2.74348908369,8.12921755447
8.18563249325,3.60288808392
6.01471176172,3.06107936944
5.82089158266,9.20769013103
2.46063725998,6.94915865737
1.94484948194,4.99469408035
7.78648848697,1.66320217893
1.25741400434,3.5918501083
1.24563424484,8.90950671535
6.9615057466,0.75194754313
5.16661759937,9.72583087602
9.6900149147,1.22545922083
8.16540079457,0.374871809637
6.52524761502,2.07698517492
2.03991855228,9.70615946381
3.73028120168,7.37628847782
6.49789795986,3.75984376958
1.22150514272,7.15780620259
6.01001441992,2.9788709004
2.25095596868,5.31360612446
2.01117263262,8.75008741728
7.88753911478,3.51909048989
9.44212811036,4.51974389674
2.20689932039,7.52891735999
1.38422457448,6.57177563207
0.378059855128,5.75903022472
2.38423999364,6.84646101227
6.19850951249,1.08197339984
4.51077956679,0.596038470628
6.42868713131,0.550050524194
7.55963376057,4.77062888985
6.17812920702,9.08588603669
2.19423574492,9.1722943336
4.76623813928,9.32791249641
6.27851882673,8.44975504933
9.6321267232,6.04833938459
1.36780340893,4.17392446709
5.08405158795,7.9751894071
1.14291603223,5.53233301818
6.362138298,9.79728306499
7.11418340963,3.19649531482
9.70898843277,0.886309469777
3.87435425601,9.61655186135
0.917644842723,9.59120169644
2.26242961027,4.97126752121
9.09864282687,1.22985217946
0.942055559272,7.33782342754
1.19687241455,9.85669270699
3.51355756085,9.36721482582
7.10656018638,9.77133204659
0.307641837734,2.46859298694
6.05970056162,9.92826882552
7.59657236982,1.76169339179
3.38590432184,7.54176375246
0.0527389129515,6.50439948792
8.89191399569,5.89399349958
7.05121977738,0.419176994081
2.77488522286,6.51925557159
0.458849902124,8.16485402522
5.78240220988,0.327246835573
7.54267114536,4.27172290173
8.60283032762,1.10181467158
0.716441529301,3.39143763121
8.57075647382,4.99862426866
2.57742079579,7.05210270636
9.27552822748,0.154519867633
3.84320944073,0.964332492389
5.16450716303,9.3565183886
3.01166182065,7.75304811675
7.86367999661,0.931261481628
4.97274802342,9.3027471968
0.370109484775,9.06404683439
4.63825145977,7.97087221293
6.96799991166,0.963613117209
2.90486212054,8.36007517223
9.99977902593,7.71268176611
8.62873239242,4.88188051036
6.59442988589,4.46710349508
8.89756944767,6.30198303469
1.71569914248,6.54607490133
0.329651357934,5.71380091983
7.26718056749,2.00168590086
8.6525329469,3.03135620294
2.53234308476,7.07650153547
7.48422495029,0.10095249845
1.34627714531,3.66139245726
4.41834681386,7.21086344292
9.8012031825,2.73784185867
8.58411599106,4.72619606009
4.67628022104,1.57672166938
8.32103991385,0.833552346452
0.564857602927,2.69677790682
6.74527387272,8.91379629974
9.7808787301,3.78223785765
6.94370214907,2.66161471682
2.01374644093,5.75026814189
2.35757392863,9.46742249173
1.51915431351,9.19396909561
0.554398144745,5.41324356639
4.01705834662,6.98879449439
1.74273046442,9.36324578866
7.59739342042,2.4311920487
5.78291224868,0.458374696912
0.331449792194,4.97263931194
8.63871460368,2.48160064956
2.36504414568,6.63836787345
5.47204152628,9.3777548027
4.58860819456,8.54414974543
8.00300599791,4.79873141825
3.35305831332,1.31160120409
6.11131743628,9.45910018802
3.31503574346,5.71353343026
3.36948060647,5.76620311165
2.7434402884,0.349586067238
8.43682518194,4.27903436095
3.9180334645,8.81131975251
2.74934191416,5.13082618323
2.54863495003,7.95477395034
2.26268063815,9.38952932357
4.56317468081,2.38838333043
3.65021797212,8.69931546254
5.12371616717,8.0580731097
9.20200994095,4.0000106267
6.11047223462,3.75054848545
6.06404522027,3.89110145695
3.69054334764,6.03349181045
2.51511253219,7.74441991514
2.54614546958,0.25863479843
4.0174729023,0.0372888006323
0.238552287587,9.66591550648
0.594850229201,6.38435407798
2.32720481461,6.96574773293
0.702990282134,6.93415186891
1.11749246526,3.11798713003
2.79528604568,5.07802968028
7.3844236862,1.42890042925
5.16231614287,8.80631029259
8.29971530315,5.48238908323
1.3566238094,6.39445214164
5.77792653136,0.349499128799
9.64433256674,2.58812654975
5.61614768347,9.05894555251
3.56186005892,9.34788451646
7.85966204441,5.16058457874
4.16901830662,7.69644620931
7.57582292991,0.333064151047
8.8242457968,5.3386675045
0.0783516149329,7.07638943423
6.13276610155,0.425993699016
3.4504965721,7.31522565329
2.7538630169,9.87212061193
2.36338010865,5.09876101016
2.14649425984,7.70376689086
8.8738546976,3.95824456399
8.81708490413,3.93875693513
9.33197769979,3.26205648212
0.42143705985,3.12063094981
8.14964929669,1.68024874843
1.30778051065,7.32669675848
7.87044387955,0.343996399735
7.39640975062,2.23154996884
2.4947192941,6.25244023529
5.87534959275,9.40355983077
4.46483878244,1.0292431461
4.57835450548,0.618390196836
5.94224392075,3.1041626062
1.60391799919,8.61022856763
2.8125605323,0.34661799412
0.421964009749,7.06896900554
0.240116529762,8.4235060627
1.24884516591,8.54064746162
7.1394483406,9.87798282401
2.30667996036,5.93729214915
7.24863027089,0.0475368622906
1.34478263373,5.30420788065
4.08800785934,7.1060220943
3.72515055477,9.95643778417
5.58815180485,1.64955039242
6.68429723166,1.49923263946
6.81162842882,1.72258590159
8.20822645445,3.05206031436
7.31098827732,4.18747102695
7.47280704769,1.52672444571
5.94887994124,0.434324912337
4.59465557347,8.37435631674
2.23307056824,9.39247124816
6.49986359789,2.63886934214
9.54162656802,2.43286888382
3.84520113053,0.52908804701
2.50367176779,6.02941714812
3.76522448877,7.63705035887
4.95652596841,2.53717492794
3.10778272224,0.473615822156
3.95436501924,1.72149991368
6.35889438946,8.55220188138
8.22471346865,5.71727194985
2.82680245142,8.65496985252
4.8126771428,8.76922090031
0.55662010071,8.88525158179
5.46156819403,0.343177368083
4.3396552619,7.68876798007
0.922832326755,5.45251541421
1.82806387442,4.02467983639
6.83475452074,3.36414165272
2.14918330428,6.21925877451
5.95886991936,9.29902319619
2.95495782731,9.3173990776
8.5984522399,1.42961200529
6.06660894716,1.03892341372
5.71677843724,2.47527273935
8.06492372895,0.750243355231
4.2191103201,6.80128105789
5.22713261731,2.41634922165
2.82442396627,6.27719095285
0.653115969445,7.38052372794
5.52608249038,1.67051776916
0.652837479713,9.03846578436
6.57053877078,1.30621428706
0.528430725726,6.7465925888
9.82471904812,6.8660605678
5.436043398,1.50779245792
9.33436867195,0.138374985066
9.26148322167,1.66782914468
6.653917329,1.8500209441
6.69666781588,4.55104118697
3.87691531367,7.07880231464
7.59963183188,1.00786224035
6.40290093357,1.22317057408
5.09779408076,2.22913788905
4.39116473599,0.0928510500145
9.02739976537,3.08100560791
5.54397329936,7.59294520088
9.7776334373,2.32136850875
0.170606360014,5.43106048434
3.3873388825,6.92026282462
5.52232724933,2.8116023966
8.56011420028,2.47453239589
4.82348010632,9.00625068169
4.71372395828,8.27757760119
7.22002870927,5.13819548604
8.89064667717,6.77544920888
5.95482315223,9.20442711606
9.9810851978,6.57940041007
5.80516268375,8.22495154793
5.40283810764,8.34863220549
5.59466625476,7.66035857296
2.51115537234,6.37277391282
8.15945367096,0.305623776461
3.0148505928,6.79689613175
2.34848209813,7.72609300956
9.68066413902,0.801804776728
2.52211640778,0.20321483248
7.32795405478,9.69355399298
8.00845614068,0.683159364959
0.184512162309,6.19228174388
9.13370937396,3.6876898959
7.35336237281,2.70235450868
4.78444462502,1.28170103938
9.58337142605,5.21567786279
7.24546768865,3.08419274262
7.7703678228,9.90977924395
0.225338617844,9.21670982556
5.16082938352,1.57097936798
0.817068941327,8.76982396815
2.28349052226,8.55107952589
6.65481271142,2.25324100331
1.73377870641,7.53882489572
0.248219956169,7.44900967867
4.1713095071,1.7786877632
3.31373402888,5.42047326102
1.34896074163,5.52803151272
5.83682812735,0.41897807991
2.01516055254,4.21837205282
4.74040619204,0.644552887517
4.37090760312,1.40981171846
4.61776347674,8.87128396121
1.37913959558,8.27823178354
1.2902434879,5.45302213967
4.29686859993,7.86264363888
1.53853133076,8.22899454416
9.86439865559,6.01321952705
3.19052249671,7.65212826981
0.592560263912,7.79999903782
9.90435067031,6.03476682563
6.99455061397,3.15302163444
5.50093571341,8.70174074694
8.95460881112,4.16393986495
7.05279662807,0.237982633568
2.32285699653,9.23482987778
4.85394653679,6.87423774646
0.955279673977,8.86311885697
7.14109433504,4.09076606881
1.04859441558,3.48478416355
1.12982301262,8.67966856745
6.98314730057,2.19151848845
5.94006163478,2.57662992702
3.20858323172,9.0678018596
4.11239528305,1.11332610711
9.18022192223,4.76692919844
7.31182113429,9.67247643624
3.14245284346,0.645648677863
1.62704260587,8.50700124046
3.64774215228,6.37843020859
6.56553406742,9.26603647868
1.60819803513,9.53209749397
3.40825400995,9.02231594842
9.43257260666,5.54860413634
9.30094551035,6.67603185228
1.31370882938,5.52333090813
2.77965787894,8.60773773191
5.15169032913,1.07205310966
3.03973344392,0.826095005185
7.47775916765,3.15414853496
7.67995917093,5.59507472956
7.06484587503,1.74830416721
1.32201182707,3.82317389371
0.992644680916,4.42244775102
0.0128713869148,3.76754176293
4.70868766354,9.46697751869
1.83306671707,7.79505745859
5.32588336394,1.59149740962
2.20955689134,0.173052886424
3.47522889039,1.03300494296
2.82522974605,5.36578277543
1.42844132539,3.92634792688
0.989200081114,8.86182178725
6.72374119348,1.60178145245
2.36492259454,0.355119883014
4.30842864107,1.2958597223
6.07442094342,9.80670927603
4.53195781365,9.42154912281
8.3649887269,1.58737290972
8.13388141475,5.61659069235
9.31046858632,1.75717421025
8.07575043631,4.18083219798
1.95817236064,5.07195850072
8.86388502925,4.04076808207
7.63984078754,2.73592718977
2.29699842219,4.76453272606
3.89893138556,9.31092629789
7.09129975139,1.14643050921
0.902137116628,4.40241015874
4.73145036264,8.48379099337
6.34009574195,0.171234837496
2.58090664419,0.309485559481
4.45103643887,0.0903277127259
6.65758543926,4.58836824137
9.85429651396,5.37120186634
4.50518287779,0.626611927827
3.14751989069,9.31667104371
8.82775132673,5.45389317552
3.29308496366,8.36960453261
0.587745559789,6.25044325173
3.63728357537,9.36693922345
3.09447868675,7.86112299777
3.14833512093,6.32149531355
7.33824442045,3.3367027339
9.96595868693,2.37905619269
9.66435356267,0.115280628111
7.87032212809,0.271092430183
0.164957685572,9.8304496273
8.31284215477,2.35765362857
2.56661228982,8.24266877473
6.3718260435,0.995016645213
8.49270844136,2.8866549481
0.370861727686,2.88574221508
9.50828765196,2.45786700104
4.09309769698,9.33318214239
3.68515716897,8.61313158378
2.83247625536,0.646918143163
7.75461156702,5.5424939386
2.49356422864,7.28539272037
8.50249198958,4.95857137735
1.57169785802,7.82973726134
8.59537291964,5.91725573163
4.56478294366,6.69088787006
9.81509095988,6.55367705531
5.2412894669,2.18982580214
8.18499005698,4.77926428778
8.38701722648,1.98137072649
7.84980124228,0.0827683642013
2.18698873264,9.60542590633
7.74079808054,3.78693377635
7.09012948383,1.84685633001
2.63794888691,0.168789889717
4.18609876236,1.0073561415
8.84934812072,4.58416008825
9.22294755763,3.75771993087
9.88486697803,6.36243082897
1.52844689437,7.71308353092
1.76945198784,6.0531568735
3.04750936484,5.72941588117
2.05137652723,8.42488259979
6.01271000391,0.652271389368
7.49070574499,4.45976980621
8.75824709804,2.23711657773
7.21023412664,3.15640274748
9.29471066982,1.21725073947
1.18974004011,6.80180013395
4.35946593966,6.64648468986
3.11149220452,6.54154298717
6.36384362925,1.90875398546
1.89043901507,4.37676381498
1.58545220519,5.44732741114
6.75625537071,1.14324172196
1.47801517743,5.42760328573
7.03117415289,2.68492234651
0.751162380938,9.82683264414
7.37623126326,2.38941519452
6.96892642258,4.84268114936
4.62821266128,6.89495827701
2.59162460606,9.64751798002
3.78983218103,5.81189913044
7.77208770149,5.71592699033
8.00594737902,0.881582485455
5.05854336945,7.56894982951
4.43515253176,0.061743438076
7.80844602888,2.18781231648
2.29659470667,5.03490908322
3.15631164334,0.300511182353
9.37195984647,4.98829589797
0.540370711726,2.73207497224
9.59534586175,4.15311660065
5.42580466862,1.21054080003
3.11203561308,7.69525765654
2.87580672677,0.859014069836
8.69965917668,1.43322890724
4.74859385094,0.91666681161
8.90246856904,1.79224712981
2.10449793683,9.62715971057
9.71400894456,5.42364533232
0.587697821172,3.22384276966
3.78105578022,1.67325289126
1.96572160041,5.21230811645
0.370511617242,5.04012781111
8.7946664058,5.58837011193
5.96598272172,9.88921603529
0.0,0.0179189605343
0.1,0.116318306114
0.2,0.214717651694
0.3,0.313116997274
0.4,0.411516342854
0.5,0.509915688434
0.6,0.608315034014
0.7,0.706714379594
0.8,0.805113725174
0.9,0.903513070754
1.0,1.00191241633
1.1,1.10031176191
1.2,1.19871110749
1.3,1.29711045307
1.4,1.39550979865
1.5,1.49390914423
1.6,1.59230848981
1.7,1.69070783539
1.8,1.78910718097
1.9,1.88750652655
2.0,1.98590587213
2.1,2.08430521771
2.2,2.18270456329
2.3,2.28110390887
2.4,2.37950325445
2.5,2.47790260003
2.6,2.57630194561
2.7,2.67470129119
2.8,2.77310063677
2.9,2.87149998235
3.0,2.96989932793
3.1,3.06829867351
3.2,3.16669801909
3.3,3.26509736467
3.4,3.36349671025
3.5,3.46189605583
3.6,3.56029540141
3.7,3.65869474699
3.8,3.75709409257
3.9,3.85549343815
4.0,3.95389278373
4.1,4.05229212931
4.2,4.15069147489
4.3,4.24909082047
4.4,4.34749016605
4.5,4.44588951163
4.6,4.54428885721
4.7,4.64268820279
4.8,4.74108754837
4.9,4.83948689395
5.0,4.93788623953
5.1,5.03628558511
5.2,5.13468493069
5.3,5.23308427627
5.4,5.33148362185
5.5,5.42988296743
5.6,5.52828231301
5.7,5.62668165859
5.8,5.72508100417
5.9,5.82348034975
6.0,5.92187969533
6.1,6.02027904091
6.2,6.11867838649
6.3,6.21707773207
6.4,6.31547707765
6.5,6.41387642323
6.6,6.51227576881
6.7,6.61067511439
6.8,6.70907445997
6.9,6.80747380555
7.0,6.90587315113
7.1,7.00427249671
7.2,7.10267184229
7.3,7.20107118787
7.4,7.29947053345
7.5,7.39786987903
7.6,7.49626922461
7.7,7.59466857019
7.8,7.69306791577
7.9,7.79146726135
8.0,7.88986660693
8.1,7.98826595251
8.2,8.08666529809
8.3,8.18506464367
8.4,8.28346398925
8.5,8.38186333483
8.6,8.48026268041
8.7,8.57866202599
8.8,8.67706137157
8.9,8.77546071715
9.0,8.87386006273
9.1,8.97225940831
9.2,9.07065875389
9.3,9.16905809947
9.4,9.26745744505
9.5,9.36585679063
9.6,9.46425613621
9.7,9.56265548179
9.8,9.66105482737
9.9,9.75945417295