[[1.0375096326080202, 4.600590622080806], [0]]
[[8.213517884688308, 2.1711154200431837], [1]]
[[3.6283177794714936, 7.431830886158888], [0]]
[[9.522284002620228, 4.901963300058355], [1]]
[[1.130106405787168, 9.975763496200749], [0]]
[[4.594586590372339, 8.578195208684248], [0]]
[[2.9707080075483616, 8.678908020940668], [0]]
[[0.03532333273411181, 2.1098462283724464], [0]]
[[2.8475955801689903, 7.521871919584097], [0]]
[[1.750246446912892, 7.271581620207065], [0]]
[[9.100884101294055, 0.15635548333098326], [1]]
[[7.7692815324961035, 0.0466912395077812], [1]]
[[6.855280136437375, 0.21918504373489522], [1]]
[[9.871524609303211, 7.800795268408517], [1]]
[[3.769824946980367, 7.372437208011781], [0]]
[[5.98320104930425, 8.931049024189432], [0]]
[[4.524599868147404, 7.637844971020119], [0]]
[[7.938845507775154, 4.864716691308914], [1]]
[[6.72152843025401, 4.564135998023241], [1]]
[[1.6671878395723339, 9.44267823054245], [0]]
[[9.449669748369548, 7.25878381215851], [1]]
[[9.916344624577178, 2.8915403216461852], [1]]
[[5.925157374000936, 2.2048690801536006], [1]]
[[4.778224840283888, 1.1980439718033942], [1]]
[[1.088964161673709, 7.730894989767489], [0]]
[[7.47345114313395, 1.1422235184020135], [1]]
[[2.1680248741420716, 9.503306946836096], [0]]
[[0.8691145060367944, 7.9569962535867775], [0]]
[[3.67512981879053, 7.227598874784572], [0]]
[[4.995926240332375, 7.319204907810198], [0]]
[[7.297437909021999, 1.2295980934737005], [1]]
[[9.504188444128413, 6.2936349070136846], [1]]
[[9.901429680698934, 1.136596263179378], [1]]
[[3.195981299661057, 5.879985961732842], [0]]
[[7.022220666131044, 0.5428779767418779], [1]]
[[0.41713251269087537, 4.259054111401496], [0]]
[[6.602085656974471, 3.3432518780196965], [1]]
[[2.2901258165632643, 0.2193131737576559], [1]]
[[0.38564168304564994, 4.880068662597522], [0]]
[[2.854579774069348, 5.472060707763308], [0]]
[[0.3762850628809733, 5.187568943434955], [0]]
[[3.047259005336116, 7.377807053908326], [0]]
[[8.532277284388442, 0.20876431092673897], [1]]
[[4.097673537503629, 8.364562152007379], [0]]
[[0.18152222704186594, 7.058420922739953], [0]]
[[5.528099703651081, 9.455341910804957], [0]]
[[5.715099581281877, 9.55934789665799], [0]]
[[9.30398525650017, 6.908371974684298], [1]]
[[5.903516724547205, 2.532784451322186], [1]]
[[9.519580411331333, 0.5246332674277832], [1]]
[[6.900871982440937, 1.3400982472306366], [1]]
[[1.782078496994407, 4.15192664901698], [0]]
[[7.840953153485496, 2.443019806815302], [1]]
[[9.76416621854078, 4.095160678079267], [1]]
[[6.601619273621217, 2.274237879207047], [1]]
[[9.415994377205788, 5.8598363161433], [1]]
[[4.0749219598409345, 1.8983535726736689], [1]]
[[3.918323453498831, 6.183024416937265], [0]]
[[3.0646070333634223, 5.134197470707091], [0]]
[[5.6221198387201525, 9.698628973738659], [0]]
[[7.971464148569227, 4.741724084020561], [1]]
[[4.225197213607899, 9.854384661770068], [0]]
[[8.113065442925533, 1.1758593377335969], [1]]
[[0.5372605169196631, 3.543521680280426], [0]]
[[4.394631669885467, 1.7233522608844776], [1]]
[[9.729554119685194, 6.929454130868919], [1]]
[[3.023440771138084, 9.377711518693184], [0]]
[[8.716430931980433, 6.569340388577162], [1]]
[[3.895303922681166, 8.532477144718852], [0]]
[[4.731258076585595, 8.28647972549075], [0]]
[[2.670782609717283, 5.33230654926302], [0]]
[[9.345889039698456, 0.33006880541448624], [1]]
[[4.790941141275546, 7.13349619316803], [0]]
[[1.8687522719690375, 9.288890669097066], [0]]
[[8.317264410104697, 1.4774712836557502], [1]]
[[9.362436712394887, 5.447468040539444], [1]]
[[1.0306795394406354, 4.75656538861703], [0]]
[[7.269516606414987, 1.7265522069993111], [1]]
[[1.015620457329256, 9.493306149079677], [0]]
[[5.785997357153747, 0.32770254442012536], [1]]
[[4.812680316592848, 8.222054838261014], [0]]
[[9.620819582828751, 1.2678384216237393], [1]]
[[0.8863066484346016, 6.9182105792501485], [0]]
[[7.455087753308155, 5.343833558565095], [1]]
[[4.926951260579974, 2.2670887406255225], [1]]
[[7.441463237714085, 3.722079273525294], [1]]
[[5.5549718016584615, 9.915627372134733], [0]]
[[6.834708317713636, 9.558661040438167], [0]]
[[7.794645781996561, 5.202921421573409], [1]]
[[5.810559821331676, 9.1346410629023], [0]]
[[8.32543271774989, 4.855901662331783], [1]]
[[9.79694052089029, 1.7056374112465733], [1]]
[[0.5157214797294174, 3.0195049500145412], [0]]
[[5.518257937490904, 2.01591027403052], [1]]
[[2.5989345659255725, 5.601141379387985], [0]]
[[3.271940661101096, 0.4009501257510062], [1]]
[[7.973629646354659, 1.1949487339391895], [1]]
[[0.9476572950013773, 5.924570568927817], [0]]
[[5.073744231282973, 9.519056763488265], [0]]
[[7.140769785919881, 2.2123705618062073], [1]]
[[6.086034111284925, 3.0438187560275267], [1]]
[[7.1065967958309795, 0.5155119969013322], [1]]
[[1.3492321430964527, 4.847050583308819], [0]]
[[8.33259964492216, 1.0924698526205523], [1]]
[[1.487061715623531, 7.771845078305359], [0]]
[[8.843266454211916, 4.050637583288319], [1]]
[[8.250572422449483, 0.34551568658487963], [1]]
[[0.15977259999444993, 3.381376745685174], [0]]
[[8.580096872738853, 3.4804411208084627], [1]]
[[4.364901058489902, 0.8563960478639043], [1]]
[[9.993089253468444, 7.503468615894896], [1]]
[[1.6824392757600304, 9.708501231004496], [0]]
[[8.664647911883861, 4.397731228697454], [1]]
[[7.088162975060984, 3.5090026931821603], [1]]
[[3.7523280200732625, 9.494770262035308], [0]]
[[6.924037647636333, 9.830672749802522], [0]]
[[7.957334215695368, 4.0061562595731335], [1]]
[[3.0259765702504025, 7.580819793100283], [0]]
[[7.755228265692056, 2.995380892743995], [1]]
[[5.889642551633835, 8.269846213031402], [0]]
[[7.995374576607819, 2.6310252084075136], [1]]
[[5.767368298920586, 9.602292600734025], [0]]
[[6.969242212072509, 4.171427136218422], [1]]
[[9.079534255176192, 2.8359945260710253], [1]]
[[5.542290310428461, 1.9753155587851967], [1]]
[[0.07987293872467438, 5.902611618884954], [0]]
[[3.060504650762409, 5.925559807065088], [0]]
[[7.349182047297317, 4.478373966097146], [1]]
[[5.166183922895005, 2.772497512249037], [1]]
[[1.7781375977152492, 5.970953126755932], [0]]
[[4.5213149868502605, 9.881995517691678], [0]]
[[9.853818564331064, 7.410500146794997], [1]]
[[0.9025695048579607, 4.636984905061647], [0]]
[[0.06045103303433441, 7.301992053334327], [0]]
[[5.724084327782921, 0.2311064125555995], [1]]
[[3.2125654426723784, 0.18427986602782664], [1]]
[[3.9624387647037773, 1.0446425556502248], [1]]
[[1.5866539078656083, 6.298707675342101], [0]]
[[0.7133180414838525, 6.722948059270596], [0]]
[[4.692777785056021, 8.427605327515359], [0]]
[[0.9014406180932211, 5.163234193438077], [0]]
[[1.9482301471124364, 4.491264649527076], [0]]
[[2.4705423645879043, 5.138539872039254], [0]]
[[7.770361816947938, 2.090617890895147], [1]]
[[9.730272833196308, 6.571741453622054], [1]]
[[8.614135487022518, 2.5926136954347045], [1]]
[[0.3586673567121046, 8.181669065103694], [0]]
[[6.0030238090214825, 2.6198267645035624], [1]]
[[8.6116013753824, 2.3283714730732994], [1]]
[[9.945697246360774, 1.0603338034204735], [1]]
[[0.05626166753161854, 4.1516805880267915], [0]]
[[2.0176573493226946, 8.167235361844885], [0]]
[[7.637598360264867, 1.8500323218699488], [1]]
[[8.223116309401464, 1.2020304389163006], [1]]
[[4.985001314499363, 2.949824610103976], [1]]
[[3.1595526293404896, 8.623474907158311], [0]]
[[0.9064584397629782, 6.358743411523056], [0]]
[[6.743076288584523, 2.106816838789208], [1]]
[[8.26204242494904, 3.6756782593616566], [1]]
[[9.451862181279724, 6.813888406662358], [1]]
[[9.434084236046958, 2.3911934946100666], [1]]
[[0.09637757488875409, 4.319759919626937], [0]]
[[4.866849910900855, 8.574606822906741], [0]]
[[7.565460875981563, 4.5299961929976345], [1]]
[[5.789259371810262, 1.7376578090753192], [1]]
[[2.1230000005779557, 0.04064559160253167], [1]]
[[7.369418068828068, 0.22313357946016854], [1]]
[[0.667133714466821, 9.749762157912938], [0]]
[[8.031413455581369, 3.2530004832559434], [1]]
[[1.0567895088105705, 8.71570194154341], [0]]
[[4.544584128425573, 8.129019866313845], [0]]
[[0.28204302263608816, 4.006494995219158], [0]]
[[5.710482255611831, 3.4123660993400873], [1]]
[[8.755350866229353, 4.297546115413531], [1]]
[[9.622179914345903, 2.2386150598121546], [1]]
[[8.395596142212007, 0.8170384694231059], [1]]
[[3.3430944371599383, 0.9420639858326885], [1]]
[[7.94468862628934, 1.7477628631173503], [1]]
[[1.286569921272831, 8.483126178762571], [0]]
[[1.666390627537212, 6.286530049997464], [0]]
[[7.708276777793022, 1.0005794062582374], [1]]
[[4.789687840266743, 8.897923234315476], [0]]
[[7.900243778446731, 4.056755769642731], [1]]
[[5.421420383645019, 2.308341362152296], [1]]
[[8.27419497178688, 3.4251740754452986], [1]]
[[3.351438530846824, 8.340470883191601], [0]]
[[0.2545700263299744, 2.256089505113562], [0]]
[[4.736402000863328, 2.4678486871092256], [1]]
[[5.770654389209104, 9.625234541531439], [0]]
[[0.910072342754702, 9.749037488367609], [0]]
[[3.7813080873166993, 1.0246481104289995], [1]]
[[4.997614044246726, 7.9509960114686695], [0]]
[[4.953904897440923, 7.275922080300429], [0]]
[[1.179328665126691, 5.943620141007196], [0]]
[[6.148663527483881, 2.7358809684958283], [1]]
[[4.870074938659741, 6.951798299462252], [0]]
[[5.6239642442100255, 2.241027194344306], [1]]
[[4.036952563527706, 0.19110327816380557], [1]]
[[1.4145022982267919, 7.724459678151488], [0]]
[[6.204505908932269, 9.71065602349682], [0]]
[[0.8875188907240172, 8.464601668522278], [0]]
[[9.635620169995414, 5.300990791741579], [1]]
[[3.9898312653903503, 6.459130217508928], [0]]
[[4.300990679578019, 7.640699602606009], [0]]
[[2.4427735748871138, 7.784934818147865], [0]]
[[8.03416340843959, 2.333681502249665], [1]]
[[9.740084989080524, 4.225049583747059], [1]]
[[1.3532943621084415, 6.000664769277835], [0]]
[[5.421275760111644, 7.622051999263299], [0]]
[[5.403570206298607, 7.525909226808739], [0]]
[[3.956235779414996, 8.35940164799285], [0]]
[[6.988023762772006, 2.4492023157626566], [1]]
[[1.689960850361597, 6.411547258352236], [0]]
[[7.970742585039909, 2.5368489095329307], [1]]
[[2.8560551116091903, 0.6203265239872102], [1]]
[[5.5550799658542385, 7.8722703891877375], [0]]
[[7.1258728007985495, 2.3260089900862924], [1]]
[[2.5831535867687427, 6.866752724258442], [0]]
[[6.97032071260994, 0.8786309920001523], [1]]
[[1.742440426369073, 7.167563451564284], [0]]
[[1.9324023767241927, 5.652010321067057], [0]]
[[2.2244938664796052, 4.748490929095482], [0]]
[[5.988357310115392, 3.659887002630869], [1]]
[[6.490096378690406, 3.7104261603914876], [1]]
[[0.7506157237594158, 3.270348137148942], [0]]
[[4.411602767532672, 1.5448805563550816], [1]]
[[5.846238649830333, 0.11914360221927156], [1]]
[[5.212639562781679, 1.1990820318068185], [1]]
[[5.346419600275859, 7.622206936599362], [0]]
[[0.18886950376397982, 4.362667954496077], [0]]
[[5.842858869892584, 1.2011067053661773], [1]]
[[8.634420409818631, 5.480094757431556], [1]]
[[6.772964475477825, 8.783863215497377], [0]]
[[6.261090408011304, 0.7893128833513607], [1]]
[[9.768088944540391, 1.375141418491972], [1]]
[[0.8228442385284396, 9.79298234946834], [0]]
[[9.723825126861037, 0.5459341464891887], [1]]
[[9.323086599323924, 5.894494702995265], [1]]
[[0.06574452627580718, 2.2315213647424947], [0]]
[[7.186392651608396, 1.3625673282849793], [1]]
[[0.018245173266617787, 9.00723107070769], [0]]
[[1.271944068802392, 7.482516300984249], [0]]
[[0.4091045813364591, 5.79879001414016], [0]]
[[0.010599830489989026, 8.97957010647216], [0]]
[[6.907819171548347, 1.6573712842029409], [1]]
[[9.591115235301936, 0.4391060032017069], [1]]
[[0.8403841655254152, 3.464929450965432], [0]]
[[2.628434740081451, 8.827567916823222], [0]]
[[3.110143135759611, 6.753460576860086], [0]]
[[9.876834370299845, 6.6356270277409015], [1]]
[[7.1498971708538495, 0.7155774284316874], [1]]
[[8.557056890229344, 3.251765464376483], [1]]
[[2.222856402272214, 9.967015007963916], [0]]
[[1.2488905970343378, 9.44396354117129], [0]]
[[3.7013246311985046, 7.391180937903348], [0]]
[[5.359914690205107, 2.817017843821078], [1]]
[[1.7146782394268878, 7.198453350893047], [0]]
[[3.218283550203239, 5.9414038233795345], [0]]
[[3.637917794550366, 0.6541846417355235], [1]]
[[1.8222158169342462, 6.337638935980784], [0]]
[[6.014945509970465, 8.212559114603643], [0]]
[[1.8016864253557996, 7.103534192827512], [0]]
[[1.6425425939620764, 6.161116960598686], [0]]
[[6.617663952278524, 1.752700589823486], [1]]
[[7.938645723644915, 1.0927153965149494], [1]]
[[2.9681020287275626, 0.39795726999811154], [1]]
[[0.5622745505484672, 5.764131918136864], [0]]
[[0.43322502663270535, 8.94239498847717], [0]]
[[0.0075703173406338475, 5.8243288677613245], [0]]
[[1.7897689890588342, 3.8170694848863027], [0]]
[[6.2906612998030065, 0.2731185606657405], [1]]
[[5.999247495334784, 8.718633691026108], [0]]
[[5.740971899134766, 2.565880790650538], [1]]
[[1.6139329983126482, 7.900107636063504], [0]]
[[0.27005061342633363, 7.195392552258807], [0]]
[[7.675928120756479, 9.843805710016873], [0]]
[[2.266542529265444, 6.388893168955492], [0]]
[[2.0073666982712624, 9.572435599411083], [0]]
[[2.0898308441948963, 5.9946210224888254], [0]]
[[9.11792625741175, 0.8859957691404641], [1]]
[[6.033642150496505, 1.656665947467727], [1]]
[[3.7867409567653088, 0.9471033205391344], [1]]
[[6.374065213706219, 0.3912438980616362], [1]]
[[6.574973660496662, 2.8125380744378625], [1]]
[[0.2808261710170423, 7.149575822982492], [0]]
[[9.530000600779346, 4.780477184081205], [1]]
[[5.605745345323613, 3.598316831162273], [1]]
[[9.226044455371836, 3.8129705967402536], [1]]
[[4.470040261721802, 8.714127644854841], [0]]
[[0.32491795130152656, 6.470412368842498], [0]]
[[2.209183247151704, 5.922325618195724], [0]]
[[4.000642657885383, 8.457128565934733], [0]]
[[0.8832768537734792, 5.646917217599294], [0]]
[[2.167732412075299, 4.741747180247624], [0]]
[[5.2756356301149845, 0.35929604541370064], [1]]
[[4.836670787908179, 8.046363071675207], [0]]
[[2.80144716978034, 6.66373690503299], [0]]
[[3.743853140183897, 1.2722878367921042], [1]]
[[7.817198175646926, 2.2446582856036135], [1]]
[[9.490745507621021, 3.7623704912175624], [1]]
[[8.124997530889663, 4.927629531295835], [1]]
[[5.8291778893993165, 2.2082808266637444], [1]]
[[2.0024794473068965, 8.550884240455277], [0]]
[[2.208694354079065, 6.022077945087323], [0]]
[[2.7349534099412054, 5.265528735664954], [0]]
[[8.976624527205537, 2.4994697481334596], [1]]
[[9.2237062891072, 7.095996544736679], [1]]
[[0.7415153605772584, 7.147673402101615], [0]]
[[4.492755935612841, 0.021556349051735646], [1]]
[[0.3172790600558484, 7.248465350758016], [0]]
[[4.68805503967357, 0.16846801185389393], [1]]
[[6.872592192791674, 1.0580170827855773], [1]]
[[0.35400567913290715, 6.720646205719315], [0]]
[[9.083102318732847, 5.1999410601479], [1]]
[[0.6915380579938135, 5.193437325271199], [0]]
[[1.0632538343509146, 7.48524735474264], [0]]
[[1.562684078832739, 6.127423678416833], [0]]
[[6.474480029749216, 0.3141370268659416], [1]]
[[1.01081631010565, 9.875130504734734], [0]]
[[8.021798103121876, 5.90629567619794], [1]]
[[3.995842005833955, 1.0497453954741465], [1]]
[[0.27053438241674166, 5.30507015043305], [0]]
[[9.838778701767435, 6.686659284170701], [1]]
[[9.947250752248816, 2.7625212861829507], [1]]
[[4.5369587544386745, 1.002915851798255], [1]]
[[0.3088885630283833, 4.039541429571952], [0]]
[[7.686356170076114, 0.9570825506395841], [1]]
[[0.06356361310009273, 6.379533499384702], [0]]
[[4.033351359280198, 0.24289307361554213], [1]]
[[4.5678119243820445, 1.2199427376531014], [1]]
[[9.540845700857952, 0.7292819957567886], [1]]
[[3.1293071998454214, 6.605223691765091], [0]]
[[9.72671059590004, 1.3841198328689108], [1]]
[[5.448686382447576, 0.10491730039634661], [1]]
[[9.450644012296713, 4.487290655873122], [1]]
[[9.967454170344864, 0.8796778190156318], [1]]
[[0.8289231411794318, 6.296033309042093], [0]]
[[0.5433875760728868, 7.7495516658143515], [0]]
[[3.686726685421069, 8.5970461362462], [0]]
[[9.574366121576949, 4.115421717467821], [1]]
[[3.79684932385707, 7.830650971919919], [0]]
[[9.427362288365854, 6.908876622538383], [1]]
[[2.828110519007897, 9.342722492136534], [0]]
[[0.4385909408606459, 9.546186521945428], [0]]
[[2.091335349254686, 5.496518114570252], [0]]
[[2.4681643931220876, 9.16438188161424], [0]]
[[7.717157515068104, 9.791807255465223], [0]]
[[4.137635551798779, 9.074759477441175], [0]]
[[4.713339410407692, 0.49204035195844154], [1]]
[[8.61751469832461, 2.7334378833451636], [1]]
[[0.2567362986757604, 2.5728698948359408], [0]]
[[2.206189315559133, 6.654681928439128], [0]]
[[2.957163872182641, 9.065804033700589], [0]]
[[5.281933998397643, 7.6089446950062385], [0]]
[[1.8916071150038327, 8.413488657587452], [0]]
[[6.824907736354923, 9.449093141366552], [0]]
[[8.834697465498268, 0.5314107556016912], [1]]
[[9.410135294397104, 2.462998561399626], [1]]
[[7.246950716296329, 2.3678244194588616], [1]]
[[8.099276203873412, 4.444008963242362], [1]]
[[8.49628248345248, 0.33999429093564904], [1]]
[[9.608198920061378, 4.072892823553278], [1]]
[[6.59906170011313, 9.63789439777848], [0]]
[[7.834791806359648, 5.128793183559807], [1]]
[[1.9880299857626826, 5.031339732705583], [0]]
[[2.9597471613697355, 7.217259890286696], [0]]
[[2.30217920154713, 9.729353236054305], [0]]
[[9.971163721028178, 6.523969478212753], [1]]
[[8.13201219463574, 1.7796197303001282], [1]]
[[5.827094264879092, 2.925578626001891], [1]]
[[0.10230239928562868, 3.735267108953831], [0]]
[[7.0076624427517125, 1.2999646981915869], [1]]
[[0.19993214214376054, 7.063418786879318], [0]]
[[1.8049046858246964, 5.699626505020129], [0]]
[[6.682712295235747, 1.6217071404385164], [1]]
[[3.0837213819290232, 7.865671386878383], [0]]
[[4.486320104728444, 7.350974834134904], [0]]
[[9.036902855058583, 2.5769763768487097], [1]]
[[8.842719840375958, 1.9166858999419445], [1]]
[[3.044011510801826, 6.961502316535953], [0]]
[[3.7580789961944228, 9.15483550949254], [0]]
[[6.803221892488458, 1.8945207251988805], [1]]
[[4.428002510142913, 7.163117931973525], [0]]
[[0.38405713210472814, 8.07439571616139], [0]]
[[8.50967524963889, 0.28083674634029276], [1]]
[[5.247860152051393, 8.22547263581691], [0]]
[[2.5261875178910644, 5.936120149748067], [0]]
[[0.42037286538155305, 7.678813813796364], [0]]
[[8.625191024410498, 0.6042611882696725], [1]]
[[8.578738598275619, 5.82227463166984], [1]]
[[5.801228786544243, 0.4380119352596368], [1]]
[[3.4660573503330827, 9.456771565553758], [0]]
[[4.396537777426417, 7.2217986795034435], [0]]
[[1.8086223988914463, 6.395797993441806], [0]]
[[9.23204764619374, 1.7444317713357527], [1]]
[[7.382471925088029, 0.4040663090377128], [1]]
[[3.282270643034498, 5.418032993735066], [0]]
[[6.418990155584022, 2.7346818939950968], [1]]
[[0.46370009709318816, 7.8264068424200115], [0]]
[[0.6682144883541863, 3.8662909210486696], [0]]
[[2.7342936422009134, 6.604691570003597], [0]]
[[9.044771894301327, 6.227767820391865], [1]]
[[2.9249964306407747, 6.101508662688165], [0]]
[[4.608679608942396, 9.047450356112456], [0]]
[[6.967062213491253, 3.791710764271045], [1]]
[[2.6722754286256913, 6.656851804782562], [0]]
[[5.7427116128672795, 1.7110263760496724], [1]]
[[8.24146854899469, 4.549787325589127], [1]]
[[4.397513850933094, 7.3673900670343215], [0]]
[[4.9422780864233165, 8.218561718153154], [0]]
[[9.251165845103882, 6.769833946279951], [1]]
[[9.337273253906007, 1.9808835350744192], [1]]
[[4.451768198920049, 9.793869723178238], [0]]
[[6.491812572670698, 1.2369710222446362], [1]]
[[3.5266468838681595, 6.0974271587535], [0]]
[[6.880352098909476, 2.3320700915111514], [1]]
[[9.764763888579678, 4.964534070666396], [1]]
[[8.969135513517749, 5.590833523696043], [1]]
[[1.2588749843568325, 3.562669242174925], [0]]
[[8.123092061998499, 5.5740208303535415], [1]]
[[4.209681787279743, 0.48520901741906375], [1]]
[[9.236642141186046, 2.5084992551533936], [1]]
[[3.539580188406818, 7.366334580591781], [0]]
[[9.977106577308957, 1.2216704366629205], [1]]
[[7.584552297494284, 5.164283357351943], [1]]
[[5.538668287780391, 0.9530406712802364], [1]]
[[1.2967875838132625, 4.424085372176913], [0]]
[[0.6350642309364618, 3.8995448772722097], [0]]
[[6.966413384080871, 3.7816799653739883], [1]]
[[3.2921577469770194, 0.05816136822297202], [1]]
[[9.944694121979763, 2.8316832416438986], [1]]
[[9.394477845871336, 5.266095919177987], [1]]
[[8.492372605214772, 1.2504228959356856], [1]]
[[9.240642502899671, 6.9897125008955285], [1]]
[[0.46358555989985395, 7.058158311221293], [0]]
[[4.261531428524767, 7.590120883769389], [0]]
[[0.6506480730865316, 8.042853320244097], [0]]
[[0.6580457849464383, 3.993234900821123], [0]]
[[8.54429130717197, 1.572974210630309], [1]]
[[2.625952875796701, 4.9111229223071815], [0]]
[[7.852496169240528, 1.1383294342219108], [1]]
[[0.7689925904701322, 9.925217213398344], [0]]
[[4.561511526196823, 1.5502970509073544], [1]]
[[7.963790153870568, 4.263617440892537], [1]]
[[6.704452103591125, 9.069669624605469], [0]]
[[4.5472427985184485, 6.961945285920389], [0]]
[[6.208643309369198, 3.5029342314480094], [1]]
[[2.111326203910285, 6.049553246497805], [0]]
[[6.246102337851841, 2.9905229355240257], [1]]
[[5.6748109544348875, 8.317975315902578], [0]]
[[1.0334975093244891, 4.675951602773992], [0]]
[[9.49315940351598, 1.4970256263552828], [1]]
[[1.961621582542824, 5.789763052796885], [0]]
[[6.63310195959963, 3.338315445859419], [1]]
[[5.0966556670253365, 0.2897351509385704], [1]]
[[4.042357452381023, 8.224011800032347], [0]]
[[0.81008398979726, 6.343892768293059], [0]]
[[4.045424969005895, 6.531053955078346], [0]]
[[5.685321967757342, 3.627483852714235], [1]]
[[6.777452876417507, 2.3491164066237538], [1]]
[[6.337372447382377, 8.911766653347147], [0]]
[[9.604704292473476, 7.1726668616856415], [1]]
[[9.689226711280751, 5.873511241268579], [1]]
[[6.510486766590676, 3.2198044389938096], [1]]
[[5.840840668542021, 1.281581241943972], [1]]
[[0.45170598482569213, 9.814201878271788], [0]]
[[3.7201845564498806, 9.423179584618467], [0]]
[[0.4134735579942639, 8.72625567897473], [0]]
[[0.514156830066097, 9.253193840363284], [0]]
[[9.737452431872033, 5.753636815886123], [1]]
[[1.7458119041467235, 7.1800977412208375], [0]]
[[0.2844032227990523, 9.289130323414476], [0]]
[[5.23589626820038, 0.14768402370972322], [1]]
[[5.499771325760271, 9.155947039227168], [0]]
[[0.8805777107376545, 3.671998680611975], [0]]
[[0.2588041001589436, 2.4672879333232256], [0]]
[[1.3095378643975164, 4.028281360804367], [0]]
[[3.987586041637151, 1.7593563467148177], [1]]
[[9.510452567544345, 2.8875369909319524], [1]]
[[8.208592269094893, 1.948972293694774], [1]]
[[1.5881611638803061, 7.880491498116764], [0]]
[[7.304215116326191, 0.6829200750126074], [1]]
[[3.613153383539668, 7.713394183770109], [0]]
[[5.052844519500605, 0.5051775370778677], [1]]
[[7.3552436742656, 9.688903920703332], [0]]
[[9.002323653711649, 2.477756737408967], [1]]
[[4.757715988946451, 0.6659410703095692], [1]]
[[5.0088230780847764, 2.900605608281124], [1]]
[[0.025024641252187063, 6.161415986716755], [0]]
[[9.982767702944882, 3.346764697612622], [1]]
[[6.806963587113994, 0.9748731825886159], [1]]
[[7.496052304815094, 0.5658153660515097], [1]]
[[5.173428001920226, 2.0890588597198767], [1]]
[[3.4880659413691117, 8.72791384179577], [0]]
[[3.7563848895349716, 7.24940133528934], [0]]
[[8.455297968092584, 0.02324391558620187], [1]]
[[4.717437860433096, 6.932666351343556], [0]]
[[7.36711899933173, 0.6767072974980193], [1]]
[[9.059396101891409, 0.43507983917187354], [1]]
[[0.14417969255417384, 5.627841358243862], [0]]